# 围棋棋谱 - 自定义格式
# 格式: 回合数. 玩家 坐标
# 坐标格式: (行,列) 从(0,0)到(18,18)
# Pass用'PASS'表示
# ===== 开始 =====

1. 黑 (3,15)
2. 白 (3,3)
3. 黑 (15,3)
4. 白 (15,15)
5. 黑 (9,9)
6. 白 (10,10)
7. 黑 (8,10)
8. 白 (9,8)
9. 黑 (10,8)
10. 白 (8,9)
11. 黑 (7,10)
12. 白 (11,9)
13. 黑 (6,10)
14. 白 (12,9)
15. 黑 (9,10)
16. 白 (10,9)
17. 黑 (8,11)
18. 白 (10,7)
19. 黑 (9,6)
20. 白 (11,8)
21. 黑 (12,8)
22. 白 (11,7)
23. 黑 (13,8)
24. 白 (10,11)
25. 黑 (9,11)
26. 白 (11,10)
27. 黑 (8,12)
28. 白 (12,10)
29. 黑 (7,11)
30. 白 (13,10)
31. 黑 (6,11)
32. 白 (14,10)
33. 黑 (5,11)
34. 白 (4,3)
35. 黑 (3,4)
36. 白 (2,4)
37. 黑 (4,4)
38. 白 (4,2)
39. 黑 (5,3)
40. 白 (5,2)
41. 黑 (6,3)
42. 白 (6,2)
43. 黑 (7,3)
44. 白 (2,3)
45. 黑 (2,5)
46. 白 (1,4)
47. 黑 (3,5)
48. 白 (1,3)
49. 黑 (4,5)
50. 白 (0,4)
51. 黑 (5,5)
52. 白 (0,5)
53. 黑 (6,5)
54. 白 (0,6)
55. 黑 (7,5)
56. 白 (1,5)
57. 黑 (8,5)
58. 白 (1,6)
59. 黑 (9,5)
60. 白 (2,6)
61. 黑 (10,5)
62. 白 (3,6)
63. 黑 (11,5)
64. 白 (4,6)
65. 黑 (12,5)
66. 白 (5,6)
67. 黑 (13,5)
68. 白 (6,6)
69. 黑 (14,5)
70. 白 (7,6)
71. 黑 (15,5)
72. 白 (8,6)
73. 黑 (16,5)
74. 白 (9,6)
75. 黑 (16,4)
76. 白 (10,6)
77. 黑 (16,3)
78. 白 (11,6)
79. 黑 (16,2)
80. 白 (12,6)
81. 黑 (16,1)
82. 白 (13,6)
83. 黑 (16,0)
84. 白 (14,6)
85. 黑 (15,4)
86. 白 (15,6)
87. 黑 (14,4)
88. 白 (16,6)
89. 黑 (13,4)
90. 白 (17,6)
91. 黑 (12,4)
92. 白 (17,5)
93. 黑 (11,4)
94. 白 (17,4)
95. 黑 (10,4)
96. 白 (17,3)
97. 黑 (9,4)
98. 白 (17,2)
99. 黑 (8,4)
100. 白 (17,1)
